3
5
6
7
9
10
12
13
14
17
20
24
25
26
28
30
33
35
37
38
40
42
44
45
46
47
49
50
54
57
61
62
65
66
68
71
74
76
77
78
79
81
82
84
87
91
95
97
99
100
102
103
107
109
112
113
114
115
117
118
119
120
121
126
127
129
131
132
133
135
136
139
141
143
145
146
147
149
151
152
153
154
156
157
164
165
166
167
168
170
172
173
174
176
177
178
180
182
183
184
185
187
188
189
190
191
192
193
196
197
198
199
204
206
208
209
210
218
219
221
222
225
226
227
228
229
230
231
232
233
235
237
239
240
241
242
243
244
245
246
248
249
251
253
256
258
261
262
265
266
267
268
270
271
272
273
276
277
278
279
280
281
283
285
288
291
293
294
298
299
302
304
306
312
315
316
317
318
319
320
323
324
325
330
332
338
339
340
341
342
345
346
347
348
349
351
356
357
358
362
365
366
367
368
369
370
371
372
374
375
376
377
382
384
385
386
390
394
395
396
398
399
401
403
404
406
407
408
412
414
418
421
422
423
424
425
427
428
429
430
432
434
436
437
438
439
445
449
452
453
454
455
456
457
459
460
462
464
465
467
469
470
471
473
475
476
477
478
479
480
485
486
487
488
493
494
495
496
497
498
501
502
506
508
511
512
513
517
520
522
523
524
525
526
528
529
532
533
537
538
539
541
542
543
544
545
546
548
549
551
553
557
558
559
561
565
566
568
569
571
573
574
577
578
581
583
584
586
588
589
594
595
597
600
601
602
603
604
605
608
609
610
611
612
615
616
621
622
624
628
629
631
632
633
634
635
636
637
638
639
641
642
643
644
645
647
648
650
651
652
653
654
657
658
660
663
664
665
667
668
669
671
672
673
674
675
676
678
679
680
681
683
684
687
688
691
693
694
697
699
700
706
707
708
709
710
711
712
713
714
716
717
720
722
726
728
732
733
734
736
737
740
744
745
748
749
750
753
755
756
757
758
759
760
761
762
763
764
766
768
769
771
773
775
777
778
780
781
783
786
787
789
790
792
793
795
796
797
799
801
802
804
805
806
807
808
809
810
813
814
816
817
821
822
827
833
834
836
837
838
841
842
843
845
846
847
848
849
853
854
857
858
860
862
865
866
869
870
872
875
876
877
878
879
883
884
887
888
892
894
895
896
897
898
899
900
901
903
904
909
910
911
912
913
915
916
917
918
919
920
923
924
925
926
927
930
931
932
934
935
937
938
940
941
943
944
945
947
948
950
951
952
954
955
957
958
960
961
962
964
965
966
968
969
970
971
973
974
978
979
980
981
982
983
984
986
987
988
989
990
991
992
993
994
995
996
997
998
999
1001
1002
1003
1006
1008
1010
1013
1015
1018
1019
1020
1023
1024
1027
1028
1029
1032
1034
1035
1038
1039
1041
1042
1044
1045
1046
1047
1050
1051
1053
1054
1055
1060
1061
1063
1064
1066
1067
1068
1069
1070
1071
1072
1074
1075
1077
1079
1080
1081
1085
1088
1089
1093
1094
1096
1097
1098
1099
1100
1104
1107
1110
1115
1117
1119
1120
1125
1126
1128
1129
1131
1132
1133
1134
1135
1136
1139
1142
1143
1145
1146
1148
1151
1152
1153
1154
1155
1156
1157
1161
1162
1166
1167
1168
1174
1175
1176
1177
1178
1179
1182
1183
1185
1188
1189
1190
1191
1192
1194
1195
1196
1198
1201
1202
1203
1206
1208
1213
1214
1217
1218
1220
1223
1224
1225
1226
1229
1231
1232
1235
1238
1239
1241
1242
1244
1245
1247
1248
1249
1252
1253
1256
1258
1260
1261
1263
1266
1268
1269
1272
1273
1274
1276
1277
1278
1280
1281
1282
1283
1286
1287
1288
1294
1295
1297
1298
1300
1302
1305
1306
1311
1313
1316
1318
1319
1320
1322
1328
1330
1331
1333
1337
1338
1339
1341
1343
1344
1345
1348
1351
1352
1356
1358
1360
1361
1363
1364
1367
1369
1371
1375
1377
1378
1379
1380
1381
1382
1385
1387
1388
1389
1390
1391
1392
1393
1394
1395
1396
1398
1399
1400
1401
1402
1403
1405
1407
1408
1411
1412
1413
1415
1418
1419
1425
1426
1429
1433
1434
1435
1436
1437
1445
1446
1447
1448
1449
1450
1452
1454
1456
1457
1460
1461
1462
1463
1464
1465
1466
1467
1468
1469
1471
1472
1473
1476
1477
1482
1483
1484
1485
1488
1493
1494
1497
1498
1499
1500
1502
1508
1510
1512
1514
1515
1516
1517
1519
1520
1521
1522
1525
1526
1528
1530
1532
1533
1534
1535
1536
1537
1538
1539
1540
1541
1542
1543
1544
1545
1546
1547
1549
1550
1551
1552
1556
1557
1558
1559
1561
1562
1566
1568
1569
1570
1571
1572
1573
1574
1577
1578
1579
1581
1584
1588
1589
1590
1593
1596
1597
1603
1605
1606
1609
1613
1616
1617
1618
1619
1621
1622
1623
1624
1625
1626
1627
1628
1632
1635
1636
1637
1638
1641
1642
1644
1647
1648
1649
1650
1651
1652
1653
1654
1656
1657
1658
1659
1660
1662
1663
1666
1667
1669
1670
1672
1674
1678
1679
1681
1684
1685
1687
1688
1691
1694
1695
1697
1698
1699
1701
1703
1704
1705
1707
1711
1712
1713
1716
1717
1722
1724
1726
1727
1729
1730
1735
1738
1742
1746
1747
1749
1753
1754
1756
1757
1760
1761
1764
1765
1769
1770
1771
1772
1774
1777
1778
1779
1780
1781
1784
1786
1788
1789
1790
1791
1793
1794
1795
1796
1797
1798
1799
1802
1803
1804
1807
1810
1811
1812
1814
1815
1817
1820
1824
1831
1832
1834
1837
1839
1841
1842
1843
1846
1847
1848
1849
1850
1851
1853
1854
1855
1857
1862
1864
1868
1874
1876
1877
1881
1882
1884
1888
1889
1891
1893
1894
1895
1897
1901
1902
1903
1904
1908
1909
1913
1914
1915
1916
1917
1918
1919
1920
1921
1923
1924
1925
1926
1929
1930
1931
1932
1933
1934
1935
1938
1941
1942
1946
1947
1950
1952
1954
1955
1956
1957
1959
1961
1962
1963
1964
1968
1972
1973
1975
1979
1980
1981
1982
1983
1985
1988
1990
1992
1994
1995
1996
1997
1999
2001
2002
2003
2004
2005
2006
2011
2014
2016
2017
2018
2019
2022
2023
2025
2027
2028
2033
2035
2036
2038
2042
2044
2046
2047
2050
2051
2052
2053
2054
2057
2059
2060
2061
2062
2065
2067
2068
2069
2070
2071
2073
2075
2076
2077
2078
2079
2080
2081
2086
2088
2090
2092
2093
2095
2096
2100
2101
2102
2103
2104
2105
2106
2108
2109
2111
2112
2115
2116
2117
2119
2120
2121
2123
2124
2125
2126
2129
2132
2135
2137
2140
2141
2145
2146
2147
2149
2151
2152
2154
2157
2158
2159
2166
2167
2168
2169
2170
2173
2174
2178
2180
2181
2182
2186
2187
2188
2190
2191
2192
2194
2196
2197
2200
2202
2203
2204
2205
2206
2207
2209
2210
2211
2212
2215
2217
2219
2220
2221
2223
2224
2226
2228
2229
2230
2233
2236
2237
2238
2240
2241
2242
2243
2247
2250
2251
2254
2255
2257
2260
2263
2264
2265
2266
2268
2270
2271
2272
2273
2275
2276
2279
2281
2283
2284
2285
2286
2291
2292
2293
2299
2301
2302
2303
2304
2305
2306
2308
2309
2311
2313
2317
2318
2320
2321
2323
2324
2325
2328
2329
2330
2331
2332
2334
2335
2337
2340
2343
2344
2347
2349
2350
2353
2355
2357
2358
2359
2361
2362
2366
2368
2369
2370
2373
2375
2379
2381
2383
2384
2385
2387
2388
2389
2390
2395
2396
2398
2399
2402
2403
2404
2405
2406
2410
2411
2412
2413
2416
2417
2421
2422
2423
2424
2425
2426
2427
2432
2435
2437
2439
2440
2441
2442
2443
2444
2445
2446
2448
2453
2454
2455
2456
2457
2458
2469
2471
2472
2473
2474
2475
2476
2478
2479
2481
2486
2487
2489
2491
2492
2495
2496
2498
2499
2501
2506
2507
2508
2511
2512
2513
2514
2515
2517
2518
2519
2521
2523
2524
2525
2526
2528
2529
2530
2533
2534
2536
2537
2545
2547
2548
2549
2556
2559
2560
2565
2566
2567
2568
2571
2573
2575
2576
2578
2580
2581
2582
2583
2585
2588
2589
2590
2591
2595
2596
2597
2600
2602
2603
2604
2608
2609
2613
2615
2616
2617
2618
2621
2622
2623
2625
2626
2627
2629
2630
2632
2634
2636
2639
2640
2641
2642
2643
2644
2645
2646
2647
2648
2651
2654
2657
2658
2661
2664
2667
2668
2670
2671
2672
2674
2675
2676
2678
2679
2684
2685
2689
2691
2692
2693
2695
2698
2699
2700
2705
2708
2709
2710
2711
2712
2713
2715
2717
2718
2719
2722
2724
2726
2728
2730
2732
2733
2737
2740
2744
2747
2750
2752
2753
2754
2757
2758
2759
2761
2763
2764
2768
2771
2773
2775
2776
2777
2778
2779
2782
2786
2789
2791
2794
2795
2796
2797
2798
2799
2801
2804
2805
2807
2808
2811
2812
2813
2815
2818
2820
2821
2824
2825
2826
2828
2830
2832
2834
2836
2837
2839
2841
2842
2843
2844
2845
2846
2847
2848
2849
2851
2852
2853
2854
2859
2860
2865
2866
2868
2870
2878
2881
2883
2885
2887
2888
2894
2897
2898
2900
2903
2905
2906
2907
2909
2910
2912
2914
2915
2919
2921
2922
2923
2924
2931
2934
2935
2936
2937
2938
2942
2944
2946
2948
2949
2950
2951
2952
2953
2954
2956
2957
2958
2960
2962
2967
2968
2972
2974
2975
2976
2980
2983
2985
2986
2987
2988
2992
2994
2995
3001
3002
3003
3005
3006
3008
3009
3010
3014
3017
3019
3022
3024
3025
3026
3029
3032
3033
3035
3036
3037
3038
3039
3040
3041
3042
3044
3045
3046
3049
3054
3056
3058
3061
3062
3063
3067
3068
3071
3072
3074
3075
3077
3080
3082
3083
3086
3091
3093
3094
3096
3097
3098
3100
3106
3110
3111
3112
3114
3115
3116
3118
3119
3120
3122
3124
3126
3127
3128
3129
3130
3133
3134
3135
3136
3137
3138
3139
3140
3141
3142
3143
3144
3145
3146
3147
3149
3150
3152
3153
3154
3156
3158
3159
3160
3162
3166
3168
3169
3170
3173
3176
3177
3178
3179
3180
3181
3183
3184
3186
3187
3189
3190
3191
3193
3194
3195
3196
3197
3199
3200
3201
3204
3205
3208
3211
3212
3214
3215
3217
3219
3224
3225
3229
3230
3231
3232
3234
3235
3238
3239
3240
3242
3245
3246
3247
3251
3252
3253
3257
3260
3262
3263
3266
3267
3268
3270
3271
3273
3276
3277
3278
3279
3280
3281
3282
3283
3284
3285
3287
3291
3293
3294
3295
3296
3297
3299
3300
3301
3302
3303
3307
3316
3320
3321
3324
3326
3328
3330
3332
3334
3336
3338
3339
3340
3346
3347
3350
3351
3352
3353
3354
3356
3358
3360
3362
3363
3365
3369
3371
3372
3376
3380
3381
3382
3383
3385
3388
3389
3390
3391
3392
3393
3396
3397
3398
3399
3400
3401
3402
3403
3405
3406
3407
3408
3409
3411
3412
3416
3418
3419
3421
3422
3426
3429
3430
3431
3432
3433
3434
3435
3436
3437
3438
3439
3440
3441
3443
3444
3445
3446
3448
3449
3450
3451
3453
3454
3459
3463
3464
3469
3471
3472
3473
3477
3478
3479
3481
3482
3486
3487
3489
3490
3491
3492
3494
3495
3497
3498
3500
3501
3504
3506
3507
3509
3510
3513
3514
3515
3516
3517
3519
3520
3521
3522
3526
3527
3528
3529
3532
3534
3537
3539
3541
3544
3546
3547
3548
3549
3550
3552
3557
3559
3560
3561
3565
3568
3570
3571
3574
3575
3578
3582
3583
3584
3587
3589
3590
3591
3592
3594
3596
3597
3598
3599
3601
3602
3605
3610
3614
3616
3617
3618
3619
3622
3623
3624
3625
3627
3631
3632
3633
3635
3636
3638
3640
3641
3645
3646
3648
3649
3650
3651
3652
3653
3655
3656
3657
3658
3659
3666
3667
3670
3671
3674
3675
3676
3678
3683
3686
3689
3692
3693
3695
3699
3700
3703
3705
3706
3707
3708
3709
3711
3712
3713
3714
3715
3719
3720
3722
3723
3724
3725
3726
3727
3728
3729
3731
3732
3733
3736
3738
3740
3741
3742
3743
3746
3749
3751
3752
3753
3754
3756
3757
3761
3762
3763
3769
3770
3773
3774
3775
3779
3780
3783
3785
3790
3791
3792
3795
3796
3798
3801
3802
3804
3805
3808
3809
3811
3813
3814
3815
3816
3817
3818
3819
3820
3822
3823
3824
3825
3826
3829
3830
3831
3834
3835
3836
3838
3840
3841
3852
3853
3854
3856
3857
3859
3862
3864
3865
3866
3871
3873
3874
3877
3879
3881
3882
3886
3887
3890
3893
3894
3895
3899
3901
3902
3903
3904
3907
3911
3912
3913
3914
3917
3918
3925
3927
3928
3929
3930
3931
3932
3933
3936
3941
3943
3944
3945
3946
3948
3949
3950
3951
3953
3955
3959
3961
3963
3964
3965
3966
3968
3969
3972
3973
3979
3981
3985
3988
3989
3990
3995
3996
3998
4000
4002
4004
4009
4010
4014
4016
4020
4021
4022
4023
4024
4026
4029
4030
4031
4033
4034
4037
4038
4039
4040
4041
4042
4045
4046
4047
4049
4050
4051
4053
4055
4056
4057
4058
4061
4064
4065
4069
4071
4072
4074
4075
4076
4078
4083
4084
4089
4090
4091
4094
4095
4099
4101
4103
4106
4108
4110
4111
4112
4113
4114
4116
4118
4119
4120
4123
4124
4126
4127
4128
4129
4130
4131
4132
4133
4134
4140
4141
4142
4143
4144
4146
4148
4149
4150
4151
4152
4155
4158
4162
4163
4164
4167
4168
4169
4170
4172
4173
4174
4175
4176
4177
4178
4181
4183
4187
4189
4190
4192
4193
4196
4197
4198
4199
4202
4204
4210
4211
4212
4214
4216
4217
4218
4222
4224
4225
4226
4229
4232
4233
4235
4237
4241
4242
4243
4244
4245
4246
4247
4248
4249
4250
4251
4253
4254
4256
4257
4259
4260
4261
4262
4264
4267
4268
4269
4271
4273
4275
4276
4282
4285
4287
4289
4290
4291
4292
4297
4298
4300
4302
4303
4304
4305
4306
4307
4309
4312
4313
4315
4317
4318
4320
4321
4322
4323
4325
4326
4327
4328
4331
4336
4337
4341
4342
4343
4345
4346
4347
4348
4349
4350
4351
4353
4354
4355
4356
4358
4360
4361
4362
4363
4366
4367
4368
4369
4370
4371
4372
4374
4375
4377
4378
4379
4380
4381
4382
4384
4386
4387
4388
4389
4392
4393
4396
4397
4401
4402
4404
4406
4409
4411
4412
4413
4416
4417
4418
4420
4423
4424
4425
4426
4428
4430
4431
4432
4434
4435
4437
4440
4441
4443
4444
4445
4446
4447
4449
4450
4451
4452
4453
4454
4455
4456
4457
4459
4461
4462
4463
4464
4467
4468
4470
4471
4473
4474
4475
4476
4477
4478
4479
4480
4482
4483
4484
4488
4489
4490
4493
4498
4499
4500
4503
4504
4506
4508
4509
4510
4511
4512
4514
4515
4516
4517
4518
4519
4520
4526
4528
4529
4532
4533
4535
4538
4540
4542
4544
4545
4546
4547
4548
4549
4551
4552
4555
4556
4557
4558
4559
4560
4563
4565
4569
4571
4572
4573
4574
4577
4578
4583
4584
4585
4587
4589
4590
4593
4595
4596
4600
4601
4602
4606
4608
4610
4611
4613
4614
4615
4616
4617
4618
4621
4622
4623
4624
4626
4628
4629
4630
4631
4633
4635
4636
4637
4638
4641
4643
4644
4646
4649
4650
4651
4653
4654
4655
4656
4657
4658
4661
4662
4665
4666
4671
4673
4674
4679
4683
4686
4688
4689
4693
4694
4695
4696
4698
4699
4700
4701
4702
4703
4704
4707
4709
4711
4718
4719
4720
4723
4724
4725
4726
4727
4728
4729
4734
4735
4737
4738
4739
4740
4744
4746
4747
4748
4750
4751
4754
4758
4760
4762
4763
4764
4765
4766
4767
4769
4770
4771
4772
4773
4774
4775
4777
4780
4782
4783
4784
4786
4788
4789
4790
4791
4792
4794
4796
4803
4804
4805
4809
4811
4814
4815
4819
4820
4821
4824
4826
4829
4831
4834
4835
4836
4837
4839
4842
4845
4846
4847
4848
4850
4851
4854
4855
4856
4857
4858
4859
4860
4861
4863
4864
4867
4870
4873
4877
4878
4880
4883
4887
4888
4892
4895
4897
4898
4901
4902
4903
4904
4909
4910
4911
4912
4913
4914
4915
4917
4919
4920
4923
4925
4927
4928
4929
4932
4933
4934
4935
4936
4937
4940
4942
4943
4945
4946
4948
4949
4950
4951
4952
4953
4955
4959
4960
4961
4963
4966
4967
4968
4969
4970
4972
4974
4975
4977
4979
4984
4985
4987
4988
4992
4993
4994
4995
4997
4998
4999
5000
5001
5002
5004
5006
5009
5011
5012
5013
5014
5017
5018
5021
5023
5024
5026
5027
5031
5033
5036
5038
5040
5041
5043
5044
5045
5046
5047
5048
5049
5050
5054
5056
5058
5059
5061
5062
5063
5065
5067
5070
5072
5073
5074
5076
5077
5078
5080
5083
5084
5086
5089
5090
5091
5093
5094
5096
5098
5099
5100
5106
5107
5108
5111
5112
5114
5119
5122
5123
5124
5126
5128
5129
5131
5134
5137
5138
5143
5145
5146
5148
5149
5151
5153
5154
5155
5156
5157
5160
5161
5164
5165
5167
5168
5169
5171
5173
5174
5175
5177
5179
5180
5181
5183
5184
5186
5188
5191
5193
5195
5196
5197
5201
5202
5203
5204
5205
5208
5210
5212
5214
5217
5218
5219
5220
5221
5225
5226
5230
5233
5235
5237
5243
5244
5245
5248
5250
5251
5253
5258
5259
5260
5261
5262
5263
5264
5265
5266
5267
5268
5269
5270
5271
5272
5273
5275
5276
5277
5278
5279
5281
5282
5283
5285
5286
5292
5294
5296
5303
5308
5309
5311
5312
5317
5318
5319
5320
5322
5324
5327
5328
5329
5330
5331
5333
5334
5338
5340
5341
5342
5343
5345
5351
5353
5354
5355
5360
5361
5362
5363
5364
5366
5371
5372
5373
5375
5376
5384
5385
5386
5389
5390
5391
5392
5393
5394
5396
5398
5401
5403
5404
5406
5407
5410
5411
5412
5413
5414
5415
5416
5419
5420
5422
5423
5424
5425
5426
5427
5428
5429
5432
5434
5435
5436
5438
5439
5440
5441
5442
5443
5445
5447
5448
5449
5450
5451
5453
5455
5456
5457
5458
5460
5461
5465
5467
5468
5469
5470
5472
5474
5477
5478
5482
5487
5488
5489
5491
5492
5494
5495
5496
5500
5502
5503
5510
5511
5512
5513
5514
5515
5517
5518
5520
5521
5522
5523
5526
5527
5530
5531
5532
5533
5534
5537
5539
5543
5546
5547
5550
5552
5554
5559
5564
5565
5566
5569
5570
5576
5577
5580
5581
5582
5583
5584
5585
5587
5588
5591
5594
5595
5596
5599
5600
5601
5603
5604
5610
5611
5612
5613
5614
5615
5616
5617
5618
5619
5620
5621
5624
5625
5626
5627
5628
5629
5630
5632
5633
5634
5636
5639
5640
5642
5643
5644
5645
5653
5654
5660
5661
5662
5664
5666
5668
5669
5670
5671
5672
5673
5674
5675
5676
5678
5679
5681
5682
5684
5686
5688
5689
5692
5693
5694
5695
5696
5698
5702
5703
5704
5707
5708
5709
5711
5712
5713
5714
5716
5717
5718
5720
5721
5722
5724
5725
5726
5728
5730
5731
5732
5735
5736
5737
5738
5740
5742
5743
5744
5746
5748
5749
5750
5752
5753
5754
5758
5761
5762
5764
5766
5767
