730
3121
5638
2029
2681
1321
195
2409
380
2516
333
4677
4400
4227
4422
5071
2407
4487
3518
1353
4648
3085
4077
3797
4675
3586
331
158
4263
224
5246
1184
2677
51
1315
3849
5367
5650
4986
4301
2089
3748
5509
4705
593
5476
4672
4812
236
124
2099
555
2034
1427
4568
2611
2850
1643
4749
1255
3466
4830
1856
3289
4472
1158
3312
5607
1928
4768
309
2041
552
5586
560
921
3536
3021
1696
4043
2579
2452
148
5563
5102
4154
5734
1421
4541
1257
2401
3870
4543
3876
4852
4697
839
4352
5215
3366
1693
3218
2939
4208
1481
570
2037
1137
21
2216
3846
2765
484
1880
3065
3073
536
3060
3248
4564
1428
389
2256
420
2858
5037
4239
3370
4632
3772
2551
2246
1236
4753
5369
5609
844
3465
203
4553
4833
435
1744
1440
4531
4964
2624
3551
2873
441
215
1743
1984
1240
5117
3626
64
5357
2959
1211
1758
3771
4722
3567
2619
4947
5409
1960
800
1490
2803
1560
3833
1209
155
134
3275
2482
5284
4334
5486
3924
2315
1105
3984
1326
4299
3898
1690
5064
5158
3595
2408
2612
1673
5690
474
3182
94
1531
2420
3028
1324
4980
3274
2544
5347
1365
4668
3994
2055
835
5497
83
2419
3858
3018
3939
1501
4730
886
2282
4853
2886
4088
3089
1368
3165
1113
2372
186
3055
1030
2926
3288
5723
1140
2326
4645
2000
2727
1819
3810
1949
3290
3050
5755
1676
1109
3940
3880
1251
3923
2729
893
1459
2087
1453
1397
4085
1808
4001
2363
2892
3569
2831
4223
1031
1285
4562
1523
5321
1890
194
826
1905
3306
1138
1296
2430
417
701
5519
1204
3374
3378
2788
4876
2628
2835
3663
4491
828
1221
5382
1852
3848
350
3524
1431
3850
440
4295
4599
2774
5498
2288
364
1040
4390
2572
1376
4003
5101
2189
575
606
2144
5224
415
2307
1718
2819
2749
212
5182
2751
5287
1270
1885
2656
655
3530
4663
5535
1197
2193
4288
3125
591
3250
3889
874
3554
2367
5130
5249
2916
2725
1860
4159
4759
3535
4068
2015
86
5172
2351
562
257
5359
3999
5305
2297
550
4640
142
1911
468
2222
1271
5715
4800
2509
5336
2085
4818
3359
1692
2970
1869
4329
627
3512
715
2882
754
3654
53
1683
1332
2863
4314
3937
2687
5579
3109
3982
4530
3843
3310
3803
5306
1292
4156
1021
4522
4006
3997
4385
820
3920
3103
5211
2772
4507
295
1767
2861
3563
3315
1720
1346
4973
2278
5042
2400
1600
2082
200
3697
2584
4570
4265
105
4582
1829
5187
223
5110
5399
975
2122
2659
3404
2666
1883
3458
3387
5606
2163
287
1945
4166
1373
1506
5553
4822
1059
140
815
1792
2480
3758
2704
719
4502
779
327
1977
1564
4466
5593
2522
4869
742
4465
4865
2382
928
2463
1108
2031
3680
2290
2391
2503
3799
1259
2978
3461
58
1967
2540
3910
75
5400
2631
213
1823
5085
939
5378
1610
4234
4185
861
4005
5139
3585
2287
1383
4410
2048
2098
1336
2999
4908
1147
1264
1187
5745
3415
3847
3942
4501
3962
5501
3572
1759
3987
617
1838
5462
5075
4678
4080
1090
2743
4220
39
1480
4107
1899
2884
2312
851
5493
5252
4627
4687
5350
1633
2650
4044
1970
3566
125
3309
3298
2327
1805
519
1631
4230
4311
4597
2696
1491
908
3842
2058
499
300
1682
3639
2535
4938
2377
1783
205
1598
1768
4755
0
2686
5421
4460
3888
2319
1702
492
3053
3875
5020
1222
4186
613
4394
2982
1228
4098
1728
4561
3503
3922
5499
179
2259
3613
4180
3286
3311
5536
1830
4756
489
1127
914
1951
3860
3694
4872
1323
5431
2171
5247
4778
4207
289
5314
5685
1417
1455
5760
5291
4280
85
4907
36
3023
2637
2913
3869
4448
3157
3744
1953
1422
1164
2997
2128
3701
1507
3425
2160
4097
2989
3314
5592
3612
2465
1308
2024
2893
2485
3545
3305
220
547
3172
1193
3304
3975
5719
4905
535
3867
1620
214
305
1818
3070
3684
3244
3611
4521
269
2460
1350
321
5231
729
3069
313
5057
5068
2356
2467
3525
2891
3424
23
1668
4513
4495
5170
284
2714
2738
1969
4990
252
1741
4660
2338
2380
2746
4793
2874
4619
956
3161
3420
1022
4534
2049
5575
264
5368
1033
623
3185
4419
5464
1049
4609
1873
782
4827
4879
1159
3502
1907
2673
5757
2920
1416
3066
2770
1102
4715
1762
2620
4330
4620
2940
1180
2998
1675
3828
1374
1583
3956
1103
2252
5144
3457
1386
5087
1936
1215
2360
743
5136
2745
2918
5557
4395
2009
2490
5578
1714
335
282
1991
3992
4339
1708
2214
2598
2653
1056
4436
4496
3485
2295
4138
5699
5295
832
1007
3750
1787
3057
4612
4121
3105
3101
4238
3696
2072
2139
784
5116
2996
5622
2902
491
727
3935
2792
5506
5466
3704
5538
1782
5199
2638
885
3496
5759
4070
3015
3737
4364
311
2376
3915
2113
4989
4067
128
4415
3325
4054
3745
721
1017
1634
4066
5185
3540
1489
4634
772
2554
3011
4976
2298
1062
1966
1939
703
274
1927
2414
2142
2239
5751
5756
2153
856
263
2570
159
503
4681
3533
490
5316
3954
4398
2386
5484
682
5141
2341
3885
5222
4731
4442
2539
5053
1150
3690
1739
5463
1424
5379
4801
5590
2184
4682
1423
383
953
3079
2130
2739
507
4891
2436
48
3970
466
4062
5290
1878
5358
5178
4670
4469
4849
1870
4813
1275
4761
3475
2908
646
751
4581
2280
2322
1303
4732
2558
5176
3427
3844
2415
3476
3768
5051
3906
670
1813
5663
1052
116
4721
5206
5562
3896
2013
402
509
4965
3455
2464
1937
534
3794
5508
3508
1406
2043
3216
400
1299
1614
5387
1511
2468
942
1700
3413
2232
4279
2741
2857
211
2208
98
175
1384
2822
1479
5348
4664
4962
5549
4188
963
4283
4438
4012
618
5003
34
3573
2927
1279
3938
393
1362
5646
3807
1608
3581
3322
2213
1293
2336
4840
3977
3967
419
2660
2569
3047
4035
649
2890
1327
640
873
1441
2172
1591
3007
59
4871
3730
4209
1586
2762
1114
2504
1443
5471
1836
5446
5240
1592
3919
2669
2030
2574
1141
463
4194
3664
336
3604
599
1169
698
4926
3345
5200
2136
4554
3916
2296
4433
1721
3827
3386
2097
5605
5383
4294
3687
4733
3213
5242
902
3986
4916
1317
1087
2300
5656
4073
1604
1518
3974
3767
4874
1504
1755
5229
387
411
3264
4414
3558
1629
5239
3227
3349
3665
2183
5213
2374
1420
1524
2063
1043
907
3644
4221
163
2484
2838
3329
500
4639
1655
2433
2827
3456
2635
2633
2074
2345
4093
1978
702
72
3620
3258
4274
4680
3331
2274
5232
4527
677
3259
1594
3960
4015
5602
5479
4539
4340
1205
5560
3588
3868
1750
247
2965
1822
798
3662
1725
2546
3755
3821
3188
3414
3384
2461
3203
4109
4894
2114
4240
1439
515
238
3739
3897
110
4105
1503
3092
1495
5637
1529
765
122
2981
4566
43
4957
3237
5505
704
2483
3249
5481
5194
1896
3223
4882
4900
259
3855
1513
2607
1871
2683
3175
2800
829
4536
3863
1492
5081
5135
774
1004
871
322
3642
4277
104
5377
4944
1000
5395
3718
2929
2895
2605
1827
160
4087
4011
518
1553
3113
4690
2880
2201
2470
1639
2502
2610
812
5452
88
3782
3051
5349
5307
788
666
1615
5060
5241
1922
5504
5120
69
92
5381
5652
2175
5356
3171
5234
3410
4523
5192
4647
1478
685
5568
1487
2488
5700
355
5680
1111
1745
4652
3543
929
2911
567
4586
5733
5118
2806
5651
3034
5741
2026
1486
2040
2346
207
5706
1
3800
2162
4708
3020
2872
1898
169
859
3202
3084
2652
1123
4591
2269
1122
2871
1709
1989
852
825
690
1965
3220
4335
922
3348
521
3577
2593
3095
2810
3423
4607
5408
747
840
4122
2701
4063
2064
3078
5525
2354
8
1505
5163
3228
2783
444
4286
530
1357
3318
5029
4205
123
1567
1661
4823
4439
2462
2371
5765
4807
3505
1602
1438
3243
3993
5035
1366
1944
3255
1312
4344
1630
5473
5589
5691
3377
1892
5397
360
4899
4231
254
4191
1370
3634
4505
2008
1710
2787
2735
1607
2864
4383
2721
4893
4032
1845
482
3308
2431
2039
111
3256
972
447
5545
2552
4896
4255
4117
1912
255
2742
5256
4594
3983
4806
4293
5705
2577
2690
2867
307
741
201
5304
2879
4808
582
2933
1181
5028
2662
3148
656
4889
2505
2429
4866
1580
3323
19
5052
3781
4486
4115
3364
3335
1304
2143
1833
4027
1347
5573
3265
461
2599
5657
5288
1665
4278
5133
5022
4752
2393
3784
5635
5302
4236
1237
2856
5082
4007
3845
2766
1409
1998
4785
1723
4284
2150
5558
4669
770
73
4971
5697
2785
5103
3760
1082
936
2930
4787
1986
2227
2594
2875
301
2133
67
4092
2694
352
3908
4712
1309
1262
2261
2702
1775
138
1130
2110
850
882
5437
5162
3764
4481
2447
3099
5572
4048
1186
3603
4104
3958
5729
3643
5648
5297
3198
580
5418
4405
5444
2969
4429
2176
1250
1646
3628
3090
2310
4930
3511
4157
2165
791
405
2655
2855
2961
5105
724
2531
4676
3909
3447
1865
3621
4458
1858
1086
1106
1565
1886
5313
378
739
5109
275
326
3368
2682
4316
4714
5555
5459
5658
1101
1763
458
3721
2091
5228
1671
2706
4052
442
5540
5298
15
630
3630
3241
2155
1474
3600
308
5216
1289
63
4136
3088
906
510
2586
4215
3934
1372
4200
4625
4270
433
5335
3254
540
446
2561
4810
3452
3081
5132
3905
426
3016
1677
3104
1227
16
2723
823
4203
946
1737
1776
3027
1432
5556
3317
4918
416
1835
830
5763
5280
746
3417
1310
2943
1005
4921
4272
818
824
5524
3947
1680
3233
3542
4575
3669
1442
3615
2917
2500
2979
4219
1734
391
1475
5166
4706
2348
4941
451
4954
5209
1011
2562
3236
2459
1548
1555
4862
1084
705
967
3747
2083
89
4798
1900
3647
4399
3292
2932
1866
5574
1121
3660
4576
1170
2707
514
2734
2748
1076
4147
1689
1290
2649
3206
959
4844
5405
3087
977
4537
3538
3468
620
5088
718
3313
3883
5095
2185
5485
3637
4171
4059
443
2012
5147
2392
1554
2925
3681
344
1987
388
3499
2829
3672
329
5677
41
5198
2020
373
1887
4868
5598
3483
5019
1872
2538
2118
5016
2793
2244
3926
696
4373
1349
4713
1012
310
130
1527
1233
2769
2991
3192
363
1732
3342
1976
4890
297
5571
3837
4983
2716
4684
3488
4996
5516
855
3344
2262
2148
5255
2557
4802
4160
5299
1314
93
2378
2520
1325
1719
5310
5597
3884
3102
4797
4376
150
1645
2984
5015
2364
890
3778
2249
1355
2225
4843
5548
171
1458
3793
1948
3000
3556
431
2066
3661
3132
2877
3531
3064
162
4137
4310
3163
3357
3608
1910
662
3629
516
5344
2438
4258
5374
5483
4642
3395
3991
5030
1200
4281
4333
2107
1582
5747
1563
1844
785
2428
3261
4102
564
353
2817
5079
4
5115
5034
5739
3221
1160
2928
2802
450
314
334
3043
1828
5727
3174
18
5097
686
5113
202
5608
4296
5701
1906
4816
1048
4922
4403
3493
5152
5104
1451
1444
4659
4825
4598
880
5025
3679
354
2510
2434
2756
4332
1210
3593
4082
5665
1585
337
5529
5189
831
5039
4524
70
5339
1095
4008
5066
2601
3164
2045
4875
3580
4841
1116
1173
3131
531
4494
2127
1254
1335
144
3210
3155
1207
4060
328
1091
4201
3108
1974
2084
5140
27
723
292
3553
2614
4781
776
5150
2316
4135
4742
2294
5659
5010
2258
413
1766
1601
1078
3562
409
752
3394
1025
598
1809
2267
3971
2094
52
4716
4603
863
1340
4338
2703
392
2592
3606
891
2955
343
4939
5623
4017
2833
2007
4978
2352
3832
2253
3319
5655
1329
1826
1612
5190
5370
2555
1752
359
5768
1216
2816
4079
1863
4228
2896
4357
1092
4086
472
2161
5402
3677
1993
2862
4906
3333
2964
4165
56
2541
3337
867
4779
2021
4206
5238
4179
1575
1219
2451
4028
5710
1800
286
3710
2449
5337
1171
2564
1840
1118
5641
1036
3269
2494
607
4991
3355
2466
4799
5032
448
2177
5647
2760
32
4717
60
2606
3523
2532
3609
1940
2248
2840
1284
587
1414
1496
2720
1354
579
4153
3327
3891
3076
864
3052
3428
1958
3668
108
1124
1230
5567
5544
572
4924
3576
1740
3682
1016
1509
2277
3207
731
1785
596
4497
1334
296
905
5490
2218
2814
4019
4161
5121
234
585
2394
2889
933
3117
2587
1057
3952
2736
3361
101
2947
1640
5007
1816
614
976
2365
5127
2418
3272
1736
692
3851
3123
2731
1611
2901
5257
5293
397
217
5352
379
527
881
1065
3806
3812
3209
5223
4741
4817
1144
4421
3462
5207
1172
1026
3167
4886
5274
3564
3343
3777
290
619
1291
3226
4145
4667
4550
4982
1014
3702
725
4691
1470
5346
1686
5325
1234
2680
2314
5541
949
5125
5092
819
1149
410
2497
3698
29
626
5008
4685
1037
2550
1212
4884
1733
2665
1751
794
689
11
556
2
1715
4081
2134
5332
5236
5475
3474
5289
3786
2477
1706
106
5005
1595
4604
4036
889
2869
3839
3688
96
4324
2780
3978
1748
4692
2164
2784
2876
5326
2245
1731
4956
5433
2235
868
1243
3980
3222
5683
2131
4757
2904
4182
2543
554
2790
4828
2945
2339
1875
3878
3004
2697
5365
22
216
3872
2542
1806
4125
3716
4525
4745
1576
90
2563
2179
3151
1430
735
3442
1301
4881
2056
4567
250
985
3341
1410
303
481
5227
2333
5687
1861
4588
5507
1867
483
55
625
1246
4981
3788
1342
2234
2195
3460
3480
4710
4776
661
2450
361
5561
3467
3030
2977
1587
3976
4958
5528
811
31
3379
2941
1083
2899
2781
5542
4100
3373
5667
738
4308
3031
3367
181
1058
4096
260
4319
504
1664
1859
590
381
5631
1009
3012
5323
4365
4266
767
3787
4832
4408
3375
4485
4184
4359
3579
4580
2527
3607
2138
3685
563
2289
2963
5417
5315
4592
5069
2809
161
4139
137
505
1879
4213
5551
2755
2493
1112
4579
3735
4018
2990
3470
2553
2767
1971
3765
2342
3921
5301
4605
4838
4885
5159
1825
1267
3107
695
2198
4427
4736
2397
3892
3734
4795
2971
5430
3048
5254
803
1307
3555
2823
1073
4013
4931
2993
3013
1359
5649
2973
2231
1165
2156
2032
3673
659
80
1199
2010
5380
1943
1404
2966
4743
4252
5388
1599
3717
4195
5300
3861
4025
4407
4492
3776
3766
3691
5454
3957
576
4391
5055
1801
592
3759
2688
3900
3484
1163
2663
1265
3059
3789
5480
2199
1773
1821
5142
